1.210784000000000106e+03
8.163999999999999702e+00
6.280000000000000249e+00
1.130400000000000063e+02
1.256000000000000050e+01
1.184407999999999959e+02
1.256000000000000172e-01
3.140000000000000430e-02
-5.000000000000000000e+01
3.000000000000000000e+01
-8.000000000000000000e+01
-2.000000000000000000e+01
1.000000000000000000e+00
1.000000000000000000e+00
1.000000000000000000e+00
1.000000000000000000e+00
1.000000000000000000e+00
1.000000000000000000e+00
1.000000000000000000e+00
1.000000000000000000e+00
1.000000000000000000e+00
1.000000000000000000e+00
1.000000000000000000e+00
1.000000000000000000e+00
1.000000000000000000e+00
1.000000000000000000e+00
1.000000000000000000e+00
1.000000000000000000e+00
1.000000000000000000e+00
1.000000000000000000e+00
1.000000000000000000e+00
1.000000000000000000e+00
1.000000000000000000e+00
1.000000000000000000e+00
1.000000000000000000e+00
3.931299999999999955e+02
0.000000000000000000e+00
