1.245951999999999998e+03
7.787200000000000344e+00
6.782400000000000873e+00
8.465440000000000964e+01
1.256000000000000050e+01
1.139192000000000036e+02
2.511999999999999997e-02
0.000000000000000000e+00
-5.000000000000000000e+01
3.000000000000000000e+01
-8.000000000000000000e+01
-2.000000000000000000e+01
1.000000000000000000e+00
1.000000000000000000e+00
1.000000000000000000e+00
1.000000000000000000e+00
1.000000000000000000e+00
1.000000000000000000e+00
1.000000000000000000e+00
1.000000000000000000e+00
1.000000000000000000e+00
1.000000000000000000e+00
1.000000000000000000e+00
1.000000000000000000e+00
1.000000000000000000e+00
1.000000000000000000e+00
1.000000000000000000e+00
1.000000000000000000e+00
1.000000000000000000e+00
1.000000000000000000e+00
1.000000000000000000e+00
1.000000000000000000e+00
1.000000000000000000e+00
1.000000000000000000e+00
1.000000000000000000e+00
1.743400000000000034e+02
0.000000000000000000e+00
