1.228367999999999938e+03
7.033600000000000740e+00
1.105279999999999951e+01
1.175616000000000128e+02
1.632799999999999940e+01
1.112815999999999974e+02
1.381599999999999773e-01
1.067600000000000077e-01
-5.000000000000000000e+01
3.000000000000000000e+01
-8.000000000000000000e+01
-2.000000000000000000e+01
1.000000000000000000e+00
1.000000000000000000e+00
1.000000000000000000e+00
1.000000000000000000e+00
1.000000000000000000e+00
1.000000000000000000e+00
1.000000000000000000e+00
1.000000000000000000e+00
1.000000000000000000e+00
1.000000000000000000e+00
1.000000000000000000e+00
1.000000000000000000e+00
1.000000000000000000e+00
1.000000000000000000e+00
1.000000000000000000e+00
1.000000000000000000e+00
1.000000000000000000e+00
1.000000000000000000e+00
1.000000000000000000e+00
1.000000000000000000e+00
1.000000000000000000e+00
1.000000000000000000e+00
1.000000000000000000e+00
6.059800000000000182e+02
0.000000000000000000e+00
